date,lat[unit="degrees_north"],lon[unit="degrees_east"],dir[unit="degree"],mod[unit="m s-1"],mslp[unit="Pa"],prec[unit="kg m-2"],rh[unit="1"],temp[unit="K"],wind_gust[unit="m s-1"]
2015-10-15T13:00:00Z,43.30409333859623,-5.88658785664861,29.211597,5.076003,101692.17,0.0,0.4861827,289.59418,4.9939604
2015-10-15T14:00:00Z,43.30409333859623,-5.88658785664861,42.583057,5.4308057,101662.31,0.0,0.54460275,288.8647,5.814326
2015-10-15T15:00:00Z,43.30409333859623,-5.88658785664861,53.52087,5.6254845,101634.39,0.0,0.57398045,288.39944,6.390116
2015-10-15T16:00:00Z,43.30409333859623,-5.88658785664861,59.859642,5.565015,101634.79,0.0,0.6257373,287.29306,6.993754
2015-10-15T17:00:00Z,43.30409333859623,-5.88658785664861,62.766567,4.1714525,101686.4,0.0,0.7052041,285.7543,6.903299
2015-10-15T18:00:00Z,43.30409333859623,-5.88658785664861,66.8723,2.978301,101695.09,0.0,0.7933711,284.1927,6.8328295
2015-10-15T19:00:00Z,43.30409333859623,-5.88658785664861,76.1033,1.3308128,101685.1,0.0,0.9133035,282.9084,6.804284
2015-10-15T20:00:00Z,43.30409333859623,-5.88658785664861,74.26896,0.5096733,101662.84,0.0,0.9284555,282.2144,4.6331306
2015-10-15T21:00:00Z,43.30409333859623,-5.88658785664861,34.34659,0.28247213,101706.77,0.0,0.93208003,281.8893,4.7367916
2015-10-15T22:00:00Z,43.30409333859623,-5.88658785664861,30.660145,0.24754721,101726.09,0.0,0.9278906,281.64807,4.7681494
2015-10-15T23:00:00Z,43.30409333859623,-5.88658785664861,102.965126,0.6227083,101660.09,0.0,0.91593593,281.54388,1.1424838
2015-10-16T00:00:00Z,43.30409333859623,-5.88658785664861,122.793,0.6773258,101589.71,0.0,0.8891871,281.51093,1.2360711
2015-10-16T01:00:00Z,43.30409333859623,-5.88658785664861,165.43561,0.6893817,101598.76,0.0,0.8645668,281.444,1.2541188
2015-10-16T02:00:00Z,43.30409333859623,-5.88658785664861,175.57413,0.52381784,101598.13,0.0,0.85838825,281.4158,1.0091383
2015-10-16T03:00:00Z,43.30409333859623,-5.88658785664861,171.3369,1.0675827,101580.77,0.0,0.8446492,281.55887,2.021517
2015-10-16T04:00:00Z,43.30409333859623,-5.88658785664861,190.00867,1.9881076,101516.06,0.0,0.8192101,281.87918,3.7036834
2015-10-16T05:00:00Z,43.30409333859623,-5.88658785664861,186.94328,2.3359447,101501.65,0.0,0.81115544,282.03394,4.3355513
2015-10-16T06:00:00Z,43.30409333859623,-5.88658785664861,194.17377,2.4158187,101524.33,0.0,0.8062527,282.22018,4.430235
2015-10-16T07:00:00Z,43.30409333859623,-5.88658785664861,202.62805,1.9062327,101544.31,0.0,0.80370426,282.26138,3.5766606
2015-10-16T08:00:00Z,43.30409333859623,-5.88658785664861,205.95432,1.9222181,101582.45,0.0,0.79560155,282.49017,3.5640023
2015-10-16T09:00:00Z,43.30409333859623,-5.88658785664861,218.26295,1.5425091,101615.31,0.0,0.7872917,283.4492,2.9091291
2015-10-16T10:00:00Z,43.30409333859623,-5.88658785664861,233.7106,0.6839404,101637.02,0.0,0.77655053,286.06982,1.2606618
2015-10-16T11:00:00Z,43.30409333859623,-5.88658785664861,351.68442,1.2640094,101617.66,0.0,0.5597848,287.6587,1.3160815
2015-10-16T12:00:00Z,43.30409333859623,-5.88658785664861,33.14685,1.7059945,101581.45,0.0,0.5658337,288.40857,1.7974726
2015-10-16T13:00:00Z,43.30409333859623,-5.88658785664861,36.151672,1.6330452,101584.03,0.0,0.569958,288.97464,1.7527399
2015-10-16T14:00:00Z,43.30409333859623,-5.88658785664861,38.309845,2.3376918,101546.46,0.0,0.5952374,289.20056,2.7697663
2015-10-16T15:00:00Z,43.30409333859623,-5.88658785664861,42.922573,2.3489761,101503.15,0.0,0.64043015,289.0074,2.8858676
2015-10-16T16:00:00Z,43.30409333859623,-5.88658785664861,49.978294,1.9604933,101476.98,0.0,0.7276217,287.9471,3.1845055
2015-10-16T17:00:00Z,43.30409333859623,-5.88658785664861,58.32233,1.5195307,101503.86,0.0,0.81472903,286.7497,3.5649536
2015-10-16T18:00:00Z,43.30409333859623,-5.88658785664861,84.868355,0.97487915,101540.33,0.0,0.9159834,284.73737,3.0405037
2015-10-16T19:00:00Z,43.30409333859623,-5.88658785664861,123.21691,0.32314825,101544.13,0.0,0.9155782,283.82574,0.55109346
2015-10-16T20:00:00Z,43.30409333859623,-5.88658785664861,139.33075,0.38626546,101517.11,0.0,0.8988173,283.15524,0.7548037
2015-10-16T21:00:00Z,43.30409333859623,-5.88658785664861,168.3025,1.3680558,101503.54,0.0,0.8453473,283.17593,2.5429242
2015-10-16T22:00:00Z,43.30409333859623,-5.88658785664861,174.04395,1.8187511,101501.93,0.0,0.8020371,282.98376,3.434939
2015-10-16T23:00:00Z,43.30409333859623,-5.88658785664861,178.15889,2.2141216,101458.58,0.0,0.79740155,282.76318,4.2112517
2015-10-17T00:00:00Z,43.30409333859623,-5.88658785664861,182.54735,2.7433016,101396.67,0.0,0.7942136,282.3951,5.1249094
2015-10-17T01:00:00Z,43.30409333859623,-5.88658785664861,176.70325,2.8692722,101366.47,0.0,0.77916014,282.33212,5.3343444
2015-10-17T02:00:00Z,43.30409333859623,-5.88658785664861,168.58243,2.5547786,101308.89,0.0,0.7708894,282.19037,4.7236586
2015-10-17T03:00:00Z,43.30409333859623,-5.88658785664861,154.42558,2.445958,101222.69,0.0,0.7719183,282.18375,4.5233083
2015-10-17T04:00:00Z,43.30409333859623,-5.88658785664861,151.71776,1.4811245,101140.46,0.0,0.79437923,282.1857,2.654263
2015-10-17T05:00:00Z,43.30409333859623,-5.88658785664861,126.74604,0.92483616,101132.05,0.0,0.8398605,281.95807,1.751179
2015-10-17T06:00:00Z,43.30409333859623,-5.88658785664861,114.62589,1.2323675,101127.06,0.0,0.90437615,281.87744,2.3451152
2015-10-17T07:00:00Z,43.30409333859623,-5.88658785664861,114.35789,1.4634042,101095.59,0.0,0.94254017,281.97476,2.772072
2015-10-17T08:00:00Z,43.30409333859623,-5.88658785664861,110.65963,1.2504182,101131.66,0.0,0.9376082,283.16626,2.3460233
2015-10-17T09:00:00Z,43.30409333859623,-5.88658785664861,87.46327,0.9966456,101148.74,0.0,0.882932,287.2998,1.8380635
2015-10-17T10:00:00Z,43.30409333859623,-5.88658785664861,43.542263,2.1549633,101099.03,0.0,0.72297776,290.33032,2.468586
2015-10-17T11:00:00Z,43.30409333859623,-5.88658785664861,53.492104,2.4448423,100991.85,0.0,0.68405664,292.01886,2.6313555
2015-10-17T12:00:00Z,43.30409333859623,-5.88658785664861,54.96021,2.4472523,100940.77,0.0,0.6288858,293.63605,2.6743174
2015-10-17T13:00:00Z,43.30409333859623,-5.88658785664861,51.68251,1.9595517,100924.34,0.0,0.5908583,294.51074,2.4144917
2015-10-17T14:00:00Z,43.30409333859623,-5.88658785664861,26.74292,2.610812,100926.79,0.0,0.65091246,293.95557,2.2163932
2015-10-17T15:00:00Z,43.30409333859623,-5.88658785664861,53.74337,1.7297983,100887.6,0.0,0.7193653,292.81326,2.7435746
2015-10-17T16:00:00Z,43.30409333859623,-5.88658785664861,80.68013,1.6670446,100856.64,0.0,0.7627951,292.10126,2.9890957
2015-10-17T17:00:00Z,43.30409333859623,-5.88658785664861,85.155624,0.9889111,100868.87,0.0,0.86790776,290.9523,1.6830728
2015-10-17T18:00:00Z,43.30409333859623,-5.88658785664861,79.2618,1.2481034,100905.09,0.0,0.91312927,289.57587,2.3148868
2015-10-17T19:00:00Z,43.30409333859623,-5.88658785664861,110.49129,1.4797046,100910.53,0.0,0.917282,288.19943,2.779122
2015-10-17T20:00:00Z,43.30409333859623,-5.88658785664861,121.42155,1.404295,100912.49,0.0,0.9063101,287.47864,2.6677709
2015-10-17T21:00:00Z,43.30409333859623,-5.88658785664861,117.94745,1.5275502,100909.08,0.0,0.9119894,286.92944,2.931224
2015-10-17T22:00:00Z,43.30409333859623,-5.88658785664861,94.87125,1.6863669,100926.58,0.0,0.9144699,286.55588,3.2417626
2015-10-17T23:00:00Z,43.30409333859623,-5.88658785664861,91.05773,1.1056547,100898.94,0.0,0.92209923,286.71832,1.9950705
2015-10-18T00:00:00Z,43.30409333859623,-5.88658785664861,70.82739,0.32652682,100833.23,0.1,0.92223203,287.21713,0.61413914
2015-10-18T01:00:00Z,43.30409333859623,-5.88658785664861,72.784706,3.774707,100844.67,0.59999996,0.906807,287.91812,5.1511354
2015-10-18T02:00:00Z,43.30409333859623,-5.88658785664861,93.280685,3.3720326,100869.58,0.0,0.9202668,287.80392,4.959898
2015-10-18T03:00:00Z,43.30409333859623,-5.88658785664861,86.54967,2.2612424,100857.09,0.0,0.9499207,287.09976,4.240477
2015-10-18T04:00:00Z,43.30409333859623,-5.88658785664861,85.202095,1.7545807,100871.24,0.0,0.9457285,286.86487,3.2500134
2015-10-18T05:00:00Z,43.30409333859623,-5.88658785664861,19.795391,0.38973165,100951.92,0.0,0.9318,286.70993,0.77464366
2015-10-18T06:00:00Z,43.30409333859623,-5.88658785664861,317.47992,0.41784498,101058.3,0.0,0.9272586,286.3378,0.81101435
2015-10-18T07:00:00Z,43.30409333859623,-5.88658785664861,191.56567,0.5301193,101142.0,0.0,0.9174136,285.92557,1.0019904
2015-10-18T08:00:00Z,43.30409333859623,-5.88658785664861,171.55853,1.4451188,101240.28,0.0,0.9004531,286.1058,2.787826
2015-10-18T09:00:00Z,43.30409333859623,-5.88658785664861,184.05551,3.1021354,101320.5,0.0,0.81213826,287.90463,4.916215
2015-10-18T10:00:00Z,43.30409333859623,-5.88658785664861,189.79161,2.8470867,101357.87,0.0,0.7200226,290.55164,3.609939
2015-10-18T11:00:00Z,43.30409333859623,-5.88658785664861,212.4782,0.8946224,101341.14,0.0,0.5653379,293.61493,0.99018717
2015-10-18T12:00:00Z,43.30409333859623,-5.88658785664861,0.7483428,2.5043006,101341.27,0.0,0.5965144,293.63107,2.099923
2015-10-18T13:00:00Z,43.30409333859623,-5.88658785664861,12.07438,3.9574838,101370.66,0.0,0.6726056,293.1767,4.2961364
2015-10-18T14:00:00Z,43.30409333859623,-5.88658785664861,22.611069,4.1573486,101392.54,0.0,0.72762007,292.71582,5.063517
2015-10-18T15:00:00Z,43.30409333859623,-5.88658785664861,34.14843,3.6534588,101351.68,0.0,0.77110916,291.81607,4.442315
2015-10-18T16:00:00Z,43.30409333859623,-5.88658785664861,40.475838,2.5310872,101339.47,0.0,0.83020115,290.77887,4.108123
2015-10-18T17:00:00Z,43.30409333859623,-5.88658785664861,50.206535,1.5333717,101375.71,0.0,0.9069316,289.51245,2.3303885
2015-10-18T18:00:00Z,43.30409333859623,-5.88658785664861,119.66603,0.68405706,101469.34,0.0,0.9597765,288.47256,1.2958376
2015-10-18T19:00:00Z,43.30409333859623,-5.88658785664861,159.05037,1.180474,101479.46,0.0,0.96539295,287.4028,2.2060914
2015-10-18T20:00:00Z,43.30409333859623,-5.88658785664861,156.6449,1.3728527,101491.44,0.0,0.9598039,286.5865,2.5722432
2015-10-18T21:00:00Z,43.30409333859623,-5.88658785664861,141.13966,0.9636918,101511.7,0.0,0.95498943,285.98224,1.8313404
2015-10-18T22:00:00Z,43.30409333859623,-5.88658785664861,155.73106,0.7321543,101555.44,0.0,0.9538559,285.43332,1.3587432
2015-10-18T23:00:00Z,43.30409333859623,-5.88658785664861,193.3546,0.14976509,101528.58,0.0,0.96234375,285.08694,0.2599168
2015-10-19T00:00:00Z,43.30409333859623,-5.88658785664861,45.3165,0.5440783,101486.07,0.0,0.98783714,284.97525,1.0231916
